SPEAKER         id       #SENT      #WORD       Corr        Sub        Ins        Del        Err      S.Err
dspf004         raw         20        706        462        178         11         66        255         20
dspf004         sys         20        706      65.44      25.21       1.56       9.35      36.12     100.00
dspf007         raw         20        457        298        105          9         54        168         20
dspf007         sys         20        457      65.21      22.98       1.97      11.82      36.76     100.00
dspm001         raw         20        361        199        111          6         51        168         20
dspm001         sys         20        361      55.12      30.75       1.66      14.13      46.54     100.00
dspm004         raw         20        909        598        217         14         94        325         20
dspm004         sys         20        909      65.79      23.87       1.54      10.34      35.75     100.00
dspm005         raw         23        378        242         94         18         42        154         23
dspm005         sys         23        378      64.02      24.87       4.76      11.11      40.74     100.00
dspm006         raw         20        128         97         28          3          3         34         14
dspm006         sys         20        128      75.78      21.88       2.34       2.34      26.56      70.00
dspm007         raw         25        291        189         83          4         19        106         25
dspm007         sys         25        291      64.95      28.52       1.37       6.53      36.43     100.00
dspm010         raw         20        798        446        215         10        137        362         20
dspm010         sys         20        798      55.89      26.94       1.25      17.17      45.36     100.00
dspm011         raw         26        359        250         76          1         33        110         24
dspm011         sys         26        359      69.64      21.17       0.28       9.19      30.64      92.31
dspm014         raw         20        360        218        110          9         32        151         19
dspm014         sys         20        360      60.56      30.56       2.50       8.89      41.94      95.00
dspm015         raw         20        341        220         88          6         33        127         20
dspm015         sys         20        341      64.52      25.81       1.76       9.68      37.24     100.00
dspm017         raw         27        407        231        121          7         55        183         26
dspm017         sys         27        407      56.76      29.73       1.72      13.51      44.96      96.30
dspm018         raw         20        257        167         77          4         13         94         17
dspm018         sys         20        257      64.98      29.96       1.56       5.06      36.58      85.00
dspm019         raw         19        215        158         41          4         16         61         17
dspm019         sys         19        215      73.49      19.07       1.86       7.44      28.37      89.47
dspm021         raw         23        245        135         85          3         25        113         22
dspm021         sys         23        245      55.10      34.69       1.22      10.20      46.12      95.65
dspm022         raw         35        536        348        143         10         45        198         31
dspm022         sys         35        536      64.93      26.68       1.87       8.40      36.94      88.57
dspm024         raw         19        269        168         78         10         23        111         17
dspm024         sys         19        269      62.45      29.00       3.72       8.55      41.26      89.47
dspm025         raw         21        234        147         68          9         19         96         21
dspm025         sys         21        234      62.82      29.06       3.85       8.12      41.03     100.00
dspm026         raw         20        419        324         73          4         22         99         20
dspm026         sys         20        419      77.33      17.42       0.95       5.25      23.63     100.00
dspm028         raw         20        431        283         98          7         50        155         20
dspm028         sys         20        431      65.66      22.74       1.62      11.60      35.96     100.00
dspm031         raw         25        287        192         76          5         19        100         23
dspm031         sys         25        287      66.90      26.48       1.74       6.62      34.84      92.00
dspm032         raw         24        344        243         69          9         32        110         19
dspm032         sys         24        344      70.64      20.06       2.62       9.30      31.98      79.17
dspm033         raw         20        533        371        111          3         51        165         20
dspm033         sys         20        533      69.61      20.83       0.56       9.57      30.96     100.00
dspm034         raw         20        181        112         49          3         20         72         19
dspm034         sys         20        181      61.88      27.07       1.66      11.05      39.78      95.00
dspm036         raw         19        572        316        181         10         75        266         19
dspm036         sys         19        572      55.24      31.64       1.75      13.11      46.50     100.00
dspm039         raw         25        522        388        106         14         28        148         24
dspm039         sys         25        522      74.33      20.31       2.68       5.36      28.35      96.00
dspm040         raw         20        180         87         51          5         42         98         19
dspm040         sys         20        180      48.33      28.33       2.78      23.33      54.44      95.00
dspm042         raw         20        160         99         48          4         13         65         19
dspm042         sys         20        160      61.88      30.00       2.50       8.12      40.62      95.00
dspm043         raw         25        214        130         66          5         18         89         25
dspm043         sys         25        214      60.75      30.84       2.34       8.41      41.59     100.00
dspm045         raw         20        552        342        121          8         89        218         20
dspm045         sys         20        552      61.96      21.92       1.45      16.12      39.49     100.00
dspm047         raw         20        392        252        109          2         31        142         20
dspm047         sys         20        392      64.29      27.81       0.51       7.91      36.22     100.00
dspm048         raw         21        545        417         97         16         31        144         21
dspm048         sys         21        545      76.51      17.80       2.94       5.69      26.42     100.00
dspm049         raw         20       1326        906        291         15        129        435         20
dspm049         sys         20       1326      68.33      21.95       1.13       9.73      32.81     100.00
dspm050         raw         22        295        201         69          5         25         99         21
dspm050         sys         22        295      68.14      23.39       1.69       8.47      33.56      95.45
dspm052         raw         20        231        135         65          2         31         98         19
dspm052         sys         20        231      58.44      28.14       0.87      13.42      42.42      95.00
dspm054         raw         21        303        172         91          9         40        140         20
dspm054         sys         21        303      56.77      30.03       2.97      13.20      46.20      95.24
dspm055         raw         20        405        305         75          7         25        107         20
dspm055         sys         20        405      75.31      18.52       1.73       6.17      26.42     100.00
dspm056         raw         20        198        145         31          4         22         57         17
dspm056         sys         20        198      73.23      15.66       2.02      11.11      28.79      85.00
dspm057         raw         20        550        298        199         13         53        265         19
dspm057         sys         20        550      54.18      36.18       2.36       9.64      48.18      95.00
dspm058         raw         23        452        296        126         14         30        170         22
dspm058         sys         23        452      65.49      27.88       3.10       6.64      37.61      95.65
radioanne       raw          9         48         25         13          0         10         23          7
radioanne       sys          9         48      52.08      27.08       0.00      20.83      47.92      77.78
radiojake       raw         40        529        339        137          3         53        193         33
radiojake       sys         40        529      64.08      25.90       0.57      10.02      36.48      82.50
radiokassu      raw         19        291        191         69          5         31        105         18
radiokassu      sys         19        291      65.64      23.71       1.72      10.65      36.08      94.74
radionoona      raw         17        119         83         23          1         13         37         13
radionoona      sys         17        119      69.75      19.33       0.84      10.92      31.09      76.47
radioshaka      raw         41        623        301        181          6        141        328         40
radioshaka      sys         41        623      48.31      29.05       0.96      22.63      52.65      97.56
SUM             raw        989      17953      11526       4543        317       1884       6744        933
SUM             sys        989      17953      64.20      25.30       1.77      10.49      37.56      94.34
