SPEAKER         id       #SENT      #WORD       Corr        Sub        Ins        Del        Err      S.Err
dspf004         raw         20        706        474        162         10         70        242         20
dspf004         sys         20        706      67.14      22.95       1.42       9.92      34.28     100.00
dspf007         raw         20        457        311        108         10         38        156         20
dspf007         sys         20        457      68.05      23.63       2.19       8.32      34.14     100.00
dspm001         raw         20        361        202        106          4         53        163         20
dspm001         sys         20        361      55.96      29.36       1.11      14.68      45.15     100.00
dspm004         raw         20        909        631        189         15         89        293         20
dspm004         sys         20        909      69.42      20.79       1.65       9.79      32.23     100.00
dspm005         raw         23        378        233        104          8         41        153         23
dspm005         sys         23        378      61.64      27.51       2.12      10.85      40.48     100.00
dspm006         raw         20        128         99         25          3          4         32         14
dspm006         sys         20        128      77.34      19.53       2.34       3.12      25.00      70.00
dspm007         raw         25        291        198         69          5         24         98         25
dspm007         sys         25        291      68.04      23.71       1.72       8.25      33.68     100.00
dspm010         raw         20        798        462        211          8        125        344         20
dspm010         sys         20        798      57.89      26.44       1.00      15.66      43.11     100.00
dspm011         raw         26        359        254         72          2         33        107         25
dspm011         sys         26        359      70.75      20.06       0.56       9.19      29.81      96.15
dspm014         raw         20        360        233         93         10         34        137         19
dspm014         sys         20        360      64.72      25.83       2.78       9.44      38.06      95.00
dspm015         raw         20        341        222         79          7         40        126         20
dspm015         sys         20        341      65.10      23.17       2.05      11.73      36.95     100.00
dspm017         raw         27        407        230        119          6         58        183         26
dspm017         sys         27        407      56.51      29.24       1.47      14.25      44.96      96.30
dspm018         raw         20        257        168         74          6         15         95         18
dspm018         sys         20        257      65.37      28.79       2.33       5.84      36.96      90.00
dspm019         raw         19        215        159         40          4         16         60         18
dspm019         sys         19        215      73.95      18.60       1.86       7.44      27.91      94.74
dspm021         raw         23        245        145         77          2         23        102         22
dspm021         sys         23        245      59.18      31.43       0.82       9.39      41.63      95.65
dspm022         raw         35        536        351        140         13         45        198         33
dspm022         sys         35        536      65.49      26.12       2.43       8.40      36.94      94.29
dspm024         raw         19        269        163         79          8         27        114         18
dspm024         sys         19        269      60.59      29.37       2.97      10.04      42.38      94.74
dspm025         raw         21        234        147         65          9         22         96         21
dspm025         sys         21        234      62.82      27.78       3.85       9.40      41.03     100.00
dspm026         raw         20        419        336         64          3         19         86         20
dspm026         sys         20        419      80.19      15.27       0.72       4.53      20.53     100.00
dspm028         raw         20        431        289         95         10         47        152         20
dspm028         sys         20        431      67.05      22.04       2.32      10.90      35.27     100.00
dspm031         raw         25        287        195         79          4         13         96         22
dspm031         sys         25        287      67.94      27.53       1.39       4.53      33.45      88.00
dspm032         raw         24        344        245         65          9         34        108         19
dspm032         sys         24        344      71.22      18.90       2.62       9.88      31.40      79.17
dspm033         raw         20        533        384        109          2         40        151         19
dspm033         sys         20        533      72.05      20.45       0.38       7.50      28.33      95.00
dspm034         raw         20        181        113         43          2         25         70         19
dspm034         sys         20        181      62.43      23.76       1.10      13.81      38.67      95.00
dspm036         raw         19        572        354        151          9         67        227         19
dspm036         sys         19        572      61.89      26.40       1.57      11.71      39.69     100.00
dspm039         raw         25        522        390        103         11         29        143         23
dspm039         sys         25        522      74.71      19.73       2.11       5.56      27.39      92.00
dspm040         raw         20        180         91         54          4         35         93         18
dspm040         sys         20        180      50.56      30.00       2.22      19.44      51.67      90.00
dspm042         raw         20        160         97         48          6         15         69         19
dspm042         sys         20        160      60.62      30.00       3.75       9.38      43.12      95.00
dspm043         raw         25        214        130         61          4         23         88         25
dspm043         sys         25        214      60.75      28.50       1.87      10.75      41.12     100.00
dspm045         raw         20        552        352        118          7         82        207         20
dspm045         sys         20        552      63.77      21.38       1.27      14.86      37.50     100.00
dspm047         raw         20        392        272         91          1         29        121         19
dspm047         sys         20        392      69.39      23.21       0.26       7.40      30.87      95.00
dspm048         raw         21        545        428         89         12         28        129         21
dspm048         sys         21        545      78.53      16.33       2.20       5.14      23.67     100.00
dspm049         raw         20       1326        943        261         10        122        393         20
dspm049         sys         20       1326      71.12      19.68       0.75       9.20      29.64     100.00
dspm050         raw         22        295        199         70          6         26        102         21
dspm050         sys         22        295      67.46      23.73       2.03       8.81      34.58      95.45
dspm052         raw         20        231        136         69          2         26         97         19
dspm052         sys         20        231      58.87      29.87       0.87      11.26      41.99      95.00
dspm054         raw         21        303        186         84          5         33        122         20
dspm054         sys         21        303      61.39      27.72       1.65      10.89      40.26      95.24
dspm055         raw         20        405        314         66          5         25         96         20
dspm055         sys         20        405      77.53      16.30       1.23       6.17      23.70     100.00
dspm056         raw         20        198        138         40          4         20         64         18
dspm056         sys         20        198      69.70      20.20       2.02      10.10      32.32      90.00
dspm057         raw         20        550        326        164         12         60        236         19
dspm057         sys         20        550      59.27      29.82       2.18      10.91      42.91      95.00
dspm058         raw         23        452        290        127         10         35        172         22
dspm058         sys         23        452      64.16      28.10       2.21       7.74      38.05      95.65
radioanne       raw          9         48         26         10          0         12         22          7
radioanne       sys          9         48      54.17      20.83       0.00      25.00      45.83      77.78
radiojake       raw         40        529        355        126          3         48        177         33
radiojake       sys         40        529      67.11      23.82       0.57       9.07      33.46      82.50
radiokassu      raw         19        291        205         60          3         26         89         17
radiokassu      sys         19        291      70.45      20.62       1.03       8.93      30.58      89.47
radionoona      raw         17        119         82         21          0         16         37         13
radionoona      sys         17        119      68.91      17.65       0.00      13.45      31.09      76.47
radioshaka      raw         41        623        299        189          4        135        328         41
radioshaka      sys         41        623      47.99      30.34       0.64      21.67      52.65     100.00
SUM             raw        989      17953      11857       4269        278       1827       6374        935
SUM             sys        989      17953      66.04      23.78       1.55      10.18      35.50      94.54
