SPEAKER         id       #SENT      #WORD       Corr        Sub        Ins        Del        Err      S.Err
dspf004         raw         20        706        457        183         11         66        260         20
dspf004         sys         20        706      64.73      25.92       1.56       9.35      36.83     100.00
dspf007         raw         20        457        300        101         10         56        167         20
dspf007         sys         20        457      65.65      22.10       2.19      12.25      36.54     100.00
dspm001         raw         20        361        197        110          6         54        170         20
dspm001         sys         20        361      54.57      30.47       1.66      14.96      47.09     100.00
dspm004         raw         20        909        597        219         14         93        326         20
dspm004         sys         20        909      65.68      24.09       1.54      10.23      35.86     100.00
dspm005         raw         23        378        240         96         19         42        157         23
dspm005         sys         23        378      63.49      25.40       5.03      11.11      41.53     100.00
dspm006         raw         20        128         98         26          3          4         33         14
dspm006         sys         20        128      76.56      20.31       2.34       3.12      25.78      70.00
dspm007         raw         25        291        190         84          4         17        105         25
dspm007         sys         25        291      65.29      28.87       1.37       5.84      36.08     100.00
dspm010         raw         20        798        445        218         10        135        363         20
dspm010         sys         20        798      55.76      27.32       1.25      16.92      45.49     100.00
dspm011         raw         26        359        251         76          2         32        110         24
dspm011         sys         26        359      69.92      21.17       0.56       8.91      30.64      92.31
dspm014         raw         20        360        222        107          9         31        147         19
dspm014         sys         20        360      61.67      29.72       2.50       8.61      40.83      95.00
dspm015         raw         20        341        218         89          6         34        129         20
dspm015         sys         20        341      63.93      26.10       1.76       9.97      37.83     100.00
dspm017         raw         27        407        233        125          9         49        183         26
dspm017         sys         27        407      57.25      30.71       2.21      12.04      44.96      96.30
dspm018         raw         20        257        167         77          4         13         94         18
dspm018         sys         20        257      64.98      29.96       1.56       5.06      36.58      90.00
dspm019         raw         19        215        154         43          3         18         64         18
dspm019         sys         19        215      71.63      20.00       1.40       8.37      29.77      94.74
dspm021         raw         23        245        140         79          2         26        107         22
dspm021         sys         23        245      57.14      32.24       0.82      10.61      43.67      95.65
dspm022         raw         35        536        348        144         11         44        199         33
dspm022         sys         35        536      64.93      26.87       2.05       8.21      37.13      94.29
dspm024         raw         19        269        171         76         10         22        108         18
dspm024         sys         19        269      63.57      28.25       3.72       8.18      40.15      94.74
dspm025         raw         21        234        144         72         11         18        101         21
dspm025         sys         21        234      61.54      30.77       4.70       7.69      43.16     100.00
dspm026         raw         20        419        318         78          4         23        105         20
dspm026         sys         20        419      75.89      18.62       0.95       5.49      25.06     100.00
dspm028         raw         20        431        281        102          7         48        157         20
dspm028         sys         20        431      65.20      23.67       1.62      11.14      36.43     100.00
dspm031         raw         25        287        193         76          5         18         99         23
dspm031         sys         25        287      67.25      26.48       1.74       6.27      34.49      92.00
dspm032         raw         24        344        242         70          9         32        111         19
dspm032         sys         24        344      70.35      20.35       2.62       9.30      32.27      79.17
dspm033         raw         20        533        375        112          3         46        161         20
dspm033         sys         20        533      70.36      21.01       0.56       8.63      30.21     100.00
dspm034         raw         20        181        114         48          3         19         70         18
dspm034         sys         20        181      62.98      26.52       1.66      10.50      38.67      90.00
dspm036         raw         19        572        318        179         10         75        264         19
dspm036         sys         19        572      55.59      31.29       1.75      13.11      46.15     100.00
dspm039         raw         25        522        389        105         16         28        149         24
dspm039         sys         25        522      74.52      20.11       3.07       5.36      28.54      96.00
dspm040         raw         20        180         88         52          5         40         97         18
dspm040         sys         20        180      48.89      28.89       2.78      22.22      53.89      90.00
dspm042         raw         20        160         97         53          3         10         66         19
dspm042         sys         20        160      60.62      33.12       1.88       6.25      41.25      95.00
dspm043         raw         25        214        132         64          4         18         86         25
dspm043         sys         25        214      61.68      29.91       1.87       8.41      40.19     100.00
dspm045         raw         20        552        345        119          8         88        215         20
dspm045         sys         20        552      62.50      21.56       1.45      15.94      38.95     100.00
dspm047         raw         20        392        252        107          2         33        142         20
dspm047         sys         20        392      64.29      27.30       0.51       8.42      36.22     100.00
dspm048         raw         21        545        421         93         17         31        141         21
dspm048         sys         21        545      77.25      17.06       3.12       5.69      25.87     100.00
dspm049         raw         20       1326        907        290         16        129        435         20
dspm049         sys         20       1326      68.40      21.87       1.21       9.73      32.81     100.00
dspm050         raw         22        295        202         70          5         23         98         21
dspm050         sys         22        295      68.47      23.73       1.69       7.80      33.22      95.45
dspm052         raw         20        231        139         64          2         28         94         19
dspm052         sys         20        231      60.17      27.71       0.87      12.12      40.69      95.00
dspm054         raw         21        303        172         93          9         38        140         20
dspm054         sys         21        303      56.77      30.69       2.97      12.54      46.20      95.24
dspm055         raw         20        405        307         75          6         23        104         19
dspm055         sys         20        405      75.80      18.52       1.48       5.68      25.68      95.00
dspm056         raw         20        198        142         35          6         21         62         18
dspm056         sys         20        198      71.72      17.68       3.03      10.61      31.31      90.00
dspm057         raw         20        550        298        199         13         53        265         19
dspm057         sys         20        550      54.18      36.18       2.36       9.64      48.18      95.00
dspm058         raw         23        452        293        129         16         30        175         22
dspm058         sys         23        452      64.82      28.54       3.54       6.64      38.72      95.65
radioanne       raw          9         48         25         12          0         11         23          7
radioanne       sys          9         48      52.08      25.00       0.00      22.92      47.92      77.78
radiojake       raw         40        529        336        144          4         49        197         33
radiojake       sys         40        529      63.52      27.22       0.76       9.26      37.24      82.50
radiokassu      raw         19        291        194         68          5         29        102         17
radiokassu      sys         19        291      66.67      23.37       1.72       9.97      35.05      89.47
radionoona      raw         17        119         84         20          0         15         35         13
radionoona      sys         17        119      70.59      16.81       0.00      12.61      29.41      76.47
radioshaka      raw         41        623        295        187          7        141        335         41
radioshaka      sys         41        623      47.35      30.02       1.12      22.63      53.77     100.00
SUM             raw        989      17953      11531       4569        329       1853       6751        936
SUM             sys        989      17953      64.23      25.45       1.83      10.32      37.60      94.64
